# Controller script of the grandmother's tunic talk (bug B4; syntax in native/src/pc/pc_input.cpp):
# <frame> <buttons> <stickX> <stickY>, each line holding until the next. Run with
# --stage LinkRM:0:0 on a new file (debug stage boot): the room is reloaded at about frame 355 and
# the grandmother's event starts by itself ("I've been waiting for you, Link."): her talk, the tunic
# demo (STB with the particle adaptor of bug B2, Link's clothes swapped in place) and the room
# reload at about frame 2480, after which Link is free in the tunic. B taps (held two frames, every
# ten) advance the messages from frame 400 to 2600. The regression runs it with --heap-check 1.
400   B  0  0
402   -  0  0
410   B  0  0
412   -  0  0
420   B  0  0
422   -  0  0
430   B  0  0
432   -  0  0
440   B  0  0
442   -  0  0
450   B  0  0
452   -  0  0
460   B  0  0
462   -  0  0
470   B  0  0
472   -  0  0
480   B  0  0
482   -  0  0
490   B  0  0
492   -  0  0
500   B  0  0
502   -  0  0
510   B  0  0
512   -  0  0
520   B  0  0
522   -  0  0
530   B  0  0
532   -  0  0
540   B  0  0
542   -  0  0
550   B  0  0
552   -  0  0
560   B  0  0
562   -  0  0
570   B  0  0
572   -  0  0
580   B  0  0
582   -  0  0
590   B  0  0
592   -  0  0
600   B  0  0
602   -  0  0
610   B  0  0
612   -  0  0
620   B  0  0
622   -  0  0
630   B  0  0
632   -  0  0
640   B  0  0
642   -  0  0
650   B  0  0
652   -  0  0
660   B  0  0
662   -  0  0
670   B  0  0
672   -  0  0
680   B  0  0
682   -  0  0
690   B  0  0
692   -  0  0
700   B  0  0
702   -  0  0
710   B  0  0
712   -  0  0
720   B  0  0
722   -  0  0
730   B  0  0
732   -  0  0
740   B  0  0
742   -  0  0
750   B  0  0
752   -  0  0
760   B  0  0
762   -  0  0
770   B  0  0
772   -  0  0
780   B  0  0
782   -  0  0
790   B  0  0
792   -  0  0
800   B  0  0
802   -  0  0
810   B  0  0
812   -  0  0
820   B  0  0
822   -  0  0
830   B  0  0
832   -  0  0
840   B  0  0
842   -  0  0
850   B  0  0
852   -  0  0
860   B  0  0
862   -  0  0
870   B  0  0
872   -  0  0
880   B  0  0
882   -  0  0
890   B  0  0
892   -  0  0
900   B  0  0
902   -  0  0
910   B  0  0
912   -  0  0
920   B  0  0
922   -  0  0
930   B  0  0
932   -  0  0
940   B  0  0
942   -  0  0
950   B  0  0
952   -  0  0
960   B  0  0
962   -  0  0
970   B  0  0
972   -  0  0
980   B  0  0
982   -  0  0
990   B  0  0
992   -  0  0
1000  B  0  0
1002  -  0  0
1010  B  0  0
1012  -  0  0
1020  B  0  0
1022  -  0  0
1030  B  0  0
1032  -  0  0
1040  B  0  0
1042  -  0  0
1050  B  0  0
1052  -  0  0
1060  B  0  0
1062  -  0  0
1070  B  0  0
1072  -  0  0
1080  B  0  0
1082  -  0  0
1090  B  0  0
1092  -  0  0
1100  B  0  0
1102  -  0  0
1110  B  0  0
1112  -  0  0
1120  B  0  0
1122  -  0  0
1130  B  0  0
1132  -  0  0
1140  B  0  0
1142  -  0  0
1150  B  0  0
1152  -  0  0
1160  B  0  0
1162  -  0  0
1170  B  0  0
1172  -  0  0
1180  B  0  0
1182  -  0  0
1190  B  0  0
1192  -  0  0
1200  B  0  0
1202  -  0  0
1210  B  0  0
1212  -  0  0
1220  B  0  0
1222  -  0  0
1230  B  0  0
1232  -  0  0
1240  B  0  0
1242  -  0  0
1250  B  0  0
1252  -  0  0
1260  B  0  0
1262  -  0  0
1270  B  0  0
1272  -  0  0
1280  B  0  0
1282  -  0  0
1290  B  0  0
1292  -  0  0
1300  B  0  0
1302  -  0  0
1310  B  0  0
1312  -  0  0
1320  B  0  0
1322  -  0  0
1330  B  0  0
1332  -  0  0
1340  B  0  0
1342  -  0  0
1350  B  0  0
1352  -  0  0
1360  B  0  0
1362  -  0  0
1370  B  0  0
1372  -  0  0
1380  B  0  0
1382  -  0  0
1390  B  0  0
1392  -  0  0
1400  B  0  0
1402  -  0  0
1410  B  0  0
1412  -  0  0
1420  B  0  0
1422  -  0  0
1430  B  0  0
1432  -  0  0
1440  B  0  0
1442  -  0  0
1450  B  0  0
1452  -  0  0
1460  B  0  0
1462  -  0  0
1470  B  0  0
1472  -  0  0
1480  B  0  0
1482  -  0  0
1490  B  0  0
1492  -  0  0
1500  B  0  0
1502  -  0  0
1510  B  0  0
1512  -  0  0
1520  B  0  0
1522  -  0  0
1530  B  0  0
1532  -  0  0
1540  B  0  0
1542  -  0  0
1550  B  0  0
1552  -  0  0
1560  B  0  0
1562  -  0  0
1570  B  0  0
1572  -  0  0
1580  B  0  0
1582  -  0  0
1590  B  0  0
1592  -  0  0
1600  B  0  0
1602  -  0  0
1610  B  0  0
1612  -  0  0
1620  B  0  0
1622  -  0  0
1630  B  0  0
1632  -  0  0
1640  B  0  0
1642  -  0  0
1650  B  0  0
1652  -  0  0
1660  B  0  0
1662  -  0  0
1670  B  0  0
1672  -  0  0
1680  B  0  0
1682  -  0  0
1690  B  0  0
1692  -  0  0
1700  B  0  0
1702  -  0  0
1710  B  0  0
1712  -  0  0
1720  B  0  0
1722  -  0  0
1730  B  0  0
1732  -  0  0
1740  B  0  0
1742  -  0  0
1750  B  0  0
1752  -  0  0
1760  B  0  0
1762  -  0  0
1770  B  0  0
1772  -  0  0
1780  B  0  0
1782  -  0  0
1790  B  0  0
1792  -  0  0
1800  B  0  0
1802  -  0  0
1810  B  0  0
1812  -  0  0
1820  B  0  0
1822  -  0  0
1830  B  0  0
1832  -  0  0
1840  B  0  0
1842  -  0  0
1850  B  0  0
1852  -  0  0
1860  B  0  0
1862  -  0  0
1870  B  0  0
1872  -  0  0
1880  B  0  0
1882  -  0  0
1890  B  0  0
1892  -  0  0
1900  B  0  0
1902  -  0  0
1910  B  0  0
1912  -  0  0
1920  B  0  0
1922  -  0  0
1930  B  0  0
1932  -  0  0
1940  B  0  0
1942  -  0  0
1950  B  0  0
1952  -  0  0
1960  B  0  0
1962  -  0  0
1970  B  0  0
1972  -  0  0
1980  B  0  0
1982  -  0  0
1990  B  0  0
1992  -  0  0
2000  B  0  0
2002  -  0  0
2010  B  0  0
2012  -  0  0
2020  B  0  0
2022  -  0  0
2030  B  0  0
2032  -  0  0
2040  B  0  0
2042  -  0  0
2050  B  0  0
2052  -  0  0
2060  B  0  0
2062  -  0  0
2070  B  0  0
2072  -  0  0
2080  B  0  0
2082  -  0  0
2090  B  0  0
2092  -  0  0
2100  B  0  0
2102  -  0  0
2110  B  0  0
2112  -  0  0
2120  B  0  0
2122  -  0  0
2130  B  0  0
2132  -  0  0
2140  B  0  0
2142  -  0  0
2150  B  0  0
2152  -  0  0
2160  B  0  0
2162  -  0  0
2170  B  0  0
2172  -  0  0
2180  B  0  0
2182  -  0  0
2190  B  0  0
2192  -  0  0
2200  B  0  0
2202  -  0  0
2210  B  0  0
2212  -  0  0
2220  B  0  0
2222  -  0  0
2230  B  0  0
2232  -  0  0
2240  B  0  0
2242  -  0  0
2250  B  0  0
2252  -  0  0
2260  B  0  0
2262  -  0  0
2270  B  0  0
2272  -  0  0
2280  B  0  0
2282  -  0  0
2290  B  0  0
2292  -  0  0
2300  B  0  0
2302  -  0  0
2310  B  0  0
2312  -  0  0
2320  B  0  0
2322  -  0  0
2330  B  0  0
2332  -  0  0
2340  B  0  0
2342  -  0  0
2350  B  0  0
2352  -  0  0
2360  B  0  0
2362  -  0  0
2370  B  0  0
2372  -  0  0
2380  B  0  0
2382  -  0  0
2390  B  0  0
2392  -  0  0
2400  B  0  0
2402  -  0  0
2410  B  0  0
2412  -  0  0
2420  B  0  0
2422  -  0  0
2430  B  0  0
2432  -  0  0
2440  B  0  0
2442  -  0  0
2450  B  0  0
2452  -  0  0
2460  B  0  0
2462  -  0  0
2470  B  0  0
2472  -  0  0
2480  B  0  0
2482  -  0  0
2490  B  0  0
2492  -  0  0
2500  B  0  0
2502  -  0  0
2510  B  0  0
2512  -  0  0
2520  B  0  0
2522  -  0  0
2530  B  0  0
2532  -  0  0
2540  B  0  0
2542  -  0  0
2550  B  0  0
2552  -  0  0
2560  B  0  0
2562  -  0  0
2570  B  0  0
2572  -  0  0
2580  B  0  0
2582  -  0  0
2590  B  0  0
2592  -  0  0
2600  B  0  0
2602  -  0  0
